93474978,8473068,4.043121104185218
52268437,6588597,4.043121104185218
52268437,7061730,4.623496538483068
52268437,6726250,3.494850137764484
470344,5430732,4.043121104185218
49128303,6328552,1.958333333333333
948620,5597258,2.9940908534902175
19731650,6328564,1.7037037037037035
19191398,5438724,4.043121104185218
19191398,6330013,3.7530589333451534
19191398,6330012,3.6734488262311733
34371327,6328566,2.170912049626379
93814475,26980,3.9069680496598713
93814475,6325843,2.2169888951231567
74267586,974676,3.5845506210189195
82717439,6645555,4.043121104185218
82717439,6560905,2.7027526035887948
82717439,5438916,3.0568091398733697
62525698,8085784,2.299603174603175
62525698,5438698,5.0
62525698,9429210,3.23953823953824
90460320,10007,4.043121104185218
90460320,9973,4.043121104185218
266064,7911290,4.043121104185218
266064,5427619,3.0785408814154716
266064,6328002,2.4428038777032066
266064,6327476,2.1090916161080298
266064,6327469,2.2340186938995488
266064,907209,2.9443911792905078
266064,5429547,2.8007896673919217
85078690,9423238,4.624537546679434
90520219,7920795,4.043121104185218
80048035,9960,4.043121104185218
10403306,6327627,4.043121104185218
69612300,5431142,4.043121104185218
69612300,6328551,4.651916990421753
48242209,5428984,1.0
48242209,7916320,3.7262038073908177
158081,6326812,4.133952148675623
17658201,882154,3.904166666666667
587403,1071109,4.043121104185218
19083211,5796608,4.9929056792356565
19083211,1097997,5.0
49623999,32849,3.6739417989417986
49623999,1094282,3.4773423765814515
49623999,5435243,4.043121104185218
49623999,813648,4.043121104185218
49623999,6630223,3.4304219166247134
49623999,377724,3.4656421514422124
17224276,6328691,2.7596393240763457
17224276,973481,4.043121104185218
90115323,32869,4.574785462687459
64665009,9033765,4.043121104185218
17089746,6562129,4.043121104185218
40884383,5439281,4.043121104185218
68226330,7925176,4.043121104185218
75063435,1010124,4.043121104185218
57816645,7053926,4.477331052181352
57816645,5439270,5.0
19338802,7925427,4.043121104185218
43974402,5438536,5.0
71722033,10409,4.043121104185218
57727670,5428527,4.726403823178017
57727670,6930371,4.2492711405840815
57727670,6328563,4.043121104185218
57727670,6328558,4.043121104185218
57727670,6328565,4.043121104185218
57727670,6328562,4.043121104185218
57727670,5440622,3.838584853510227
57727670,6326639,4.043121104185218
57727670,6326640,4.043121104185218
57727670,7923674,4.043121104185218
84365595,6325826,4.091473560631623
43992553,6328557,4.043121104185218
5128290,1079205,4.043121104185218
5128290,6630231,4.043121104185218
5128290,7693435,4.043121104185218
5128290,5485720,4.043121104185218
5128290,8074418,4.043121104185218
5128290,1077155,4.043121104185218
5128290,7925165,4.043121104185218
5128290,1067198,4.043121104185218
5128290,6630222,4.043121104185218
5128290,1069403,4.043121104185218
5148411,6726067,4.043121104185218
646104,19223,4.043121104185218
646104,9425706,4.043121104185218
646104,6327422,3.572222222222222
646104,7897054,4.043121104185218
646104,1117736,4.043121104185218
50891966,784480,2.9636985459613108
50891966,9092533,4.043121104185218
50891966,6588305,4.142150340200719
50891966,8072935,4.043121104185218
50891966,961666,3.680819872500484
41039044,6013242,4.492149484049873
44346443,5438654,4.043121104185218
31742939,354550,4.043121104185218
82451346,8081626,5.0
68938784,1036484,4.043121104185218
68938784,6327343,4.043121104185218
68938784,6327350,4.23786889390423
17236981,1087270,3.7227237637268
41011267,5428989,4.43010752688172
59758796,6049734,4.043121104185218
59758796,5438499,3.9592760180995477
39162470,6327430,4.043121104185218
17483146,8088354,4.043121104185218
17483146,5427520,4.043121104185218
19673110,5429548,3.5767545001385823
19673110,5426272,3.353358020843527
19673110,5426810,3.7884615384615383
19673110,5438911,4.043121104185218
19673110,5438903,4.043121104185218
19673110,5428364,3.439077812471039
19673110,5426273,3.6230326045089027
19673110,6327351,2.732910442119158
19513229,6707549,4.84786846602307
70099074,5597458,4.243697478991597
70099074,5601461,4.043121104185218
17534632,5428478,3.5
75780321,6575751,2.1948051948051948
75780321,6327435,4.043121104185218
75780321,17309395,4.043121104185218
75780321,6327418,3.1948051948051948
113215,6563222,3.4574752919651095
717952,6329907,5.0
50572648,1106965,4.043121104185218
50572648,5438720,4.423920465285072
33824188,7689036,4.043121104185218
17371764,6327434,4.646399722984998
17371764,1109720,4.845448798988622
10223480,6776465,2.781565038488094
51638113,7921648,4.287252032923604
51638113,7053925,4.089306744285161
347646,6327424,4.043121104185218
347646,5429408,4.043121104185218
347646,813650,4.043121104185218
347646,7031748,4.3514011799410035
347646,6707522,4.3291009210795774
347646,6327431,2.8166666666666673
46924640,5438625,3.464738563860594
30165155,5429541,1.1649048625792813
549940,895427,4.043121104185218
19313695,7925144,4.043121104185218
77394413,6327355,4.043121104185218
77394413,5438909,3.6994391484339695
77394413,6330637,4.087256441129543
77394413,5426130,4.1332351629688056
430511,5439268,4.043121104185218
77877568,777896,4.043121104185218
17450462,6565751,3.3580543783363557
17450462,5427044,3.0319820844789724
17450462,5427781,4.043121104185218
17450462,7921749,2.964711376374167
17450462,969346,4.043121104185218
17450462,5438844,2.4942806694303696
17450462,6564566,4.043121104185218
17450462,6645472,2.443000837802724
17450462,5438898,4.043121104185218
17450462,6645473,2.4942806694303696
17450462,6649558,2.4942806694303696
17450462,6648653,2.6394379401587913
17450462,5438894,3.254469192190381
17450462,5438917,2.707950926058319
17450462,5427814,1.8898666846026484
17450462,6565263,2.6981330747875543
50473920,7430112,3.171095729978621
50473920,5438877,3.84791318291773
50473920,6561635,3.5057193305696304
50473920,6648645,2.5057193305696304
50473920,7725926,3.5057193305696304
50473920,6645468,2.5057193305696304
50473920,6555792,4.50571933056963
50473920,6562237,2.592372064095663
50473920,8079857,3.773580265983269
50473920,7914004,3.224907140324185
50473920,6327059,2.6676063197005773
50473920,5438854,3.320325244421454
50473920,5438869,2.803707073101584
17489153,7705803,4.386091728399705
77607750,6930370,3.775868626867447
93953659,1066404,4.043121104185218
91672464,6952722,4.043121104185218
91672464,1089773,3.494494112572254
68706316,7915291,4.043121104185218
58807649,979489,2.9119070534785734
58807649,6565368,3.6946410303917903
58807649,6328560,4.043121104185218
58807649,6566904,4.043121104185218
58807649,5438882,4.043121104185218
58807649,5438858,3.369825575840293
58807649,6583810,4.030546495237337
58807649,6648647,4.1116167664670655
72217296,5438734,3.6500336227814625
72217296,6583788,4.015733299235393
72217296,5429608,3.448858908938912
30022167,6328556,4.323497413146889
47303066,782686,4.043121104185218
88590900,6330009,4.520030467612751
88590900,19236,5.0
88590900,919272,4.043121104185218
725345,5428131,4.043121104185218
19354600,19235,3.1487609604509905
19354600,5426741,4.34913975710367
35310619,6013185,4.043121104185218
72614919,5429542,2.536123427171737
92866242,5427282,4.10733949498068
92866242,6327348,3.697742943566955
92866242,7925166,3.9194711538461537
92866242,6327349,3.674139555341488
91617963,5426745,3.9164885729453527
91617963,6690401,4.452760787210009
91617963,5439258,4.043121104185218
91617963,1050749,3.996153656513031
82858214,7925192,4.043121104185218
82858214,1000152,4.043121104185218
82858214,5439266,4.043121104185218
72221225,7054109,4.043121104185218
72221225,5428517,3.3602484472049694
90115472,889750,4.226184195939855
83734680,6328555,2.8392439983056397
73378937,7923676,3.7037037037037037
73378937,6328692,4.358333333333333
64854124,8081641,3.094391478349578
45279243,7900647,4.621942656407629
75543612,6657080,3.892631578947368
42485995,6583842,3.669892056524974
42485995,5435225,3.1226979191580964
69493799,6013213,3.31372326147515
69493799,5601499,4.043121104185218
4026283,5431070,3.2888888888888888
46221031,1088478,3.726271008610664
46221031,5427844,3.4613818062633284
39440870,934421,4.043121104185218
75499583,5432612,4.043121104185218
65304920,5438847,3.766943532811966
65304920,6330640,3.33245243128964
65304920,6330643,4.043121104185218
65304920,6330645,4.043121104185218
65304920,6330644,2.402906976744186
65304920,5428953,3.5334347251777074
65304920,6049628,3.70189260450361
19143224,955518,4.285530246502891
84160659,5597329,4.114522846023792
39813882,5426670,5.0
19050453,816352,4.043121104185218
396583,5503549,4.043121104185218
76413826,6001332,4.629226999698316
76413826,6817385,4.063765182186234
46300995,6645466,4.016609838523588
30839388,5432651,4.043121104185218
5133714,969151,4.1545745262392
76279411,7923582,3.3503777567753605
76279411,961634,3.3084499098478655
5409365,6329909,4.043121104185218
53858973,10411,2.839425886786098
59495230,7926679,2.701419871022199
45988607,7920856,4.043121104185218
75675768,6644902,4.043121104185218
75675768,5438478,4.043121104185218
75675768,6654192,4.043121104185218
75675768,6644901,4.043121104185218
75675768,1017764,4.043121104185218
75675768,5427432,4.043121104185218
75675768,6013184,4.043121104185218
288045,5435245,4.348628767275129
48073258,1072182,4.429288346180812
19818392,6407432,4.043121104185218
64228778,16768468,4.043121104185218
64228778,5426900,4.043121104185218
53299119,18597,3.2484007466969644
38896164,7924733,3.5874500998003995
93011286,7690552,3.1556562470999996
82738873,6564233,4.2117733232470265
10250017,10428,3.17526058402784
10250017,5426746,4.311538461538461
35784589,6325840,4.043121104185218
17318314,912082,4.043121104185218
17685684,5426826,4.043121104185218
19188369,19206,4.565835592787991
84558940,6328694,4.043121104185218
67046876,6329913,3.1548501502800637
45370173,7900649,4.0285714285714285
82550856,7691892,4.243086686328247
82550856,5440806,4.043121104185218
60129292,1079168,4.043121104185218
291598,5438534,3.2675624771606238
41394911,7690573,4.807007897862797
41394911,5438890,4.702219795700694
41394911,5504053,5.0
30332536,6817448,4.761058505346803
10322597,5426819,4.043121104185218
19593593,5438907,2.687562684445464
19593593,5438918,3.2117596220330453
76192748,5438843,3.6139597995456536
5458880,5437590,3.654400692481875
5458880,5438620,3.05065569517194
5458880,6654189,3.371794871794872
5458880,7896657,3.8476014315569285
88208346,6654504,2.6278163975935347
88208346,7053963,4.043121104185218
85795942,1077020,4.043121104185218
85795942,1066098,4.25663082437276
85795942,5881222,4.530241935483871
85795942,6330016,4.043121104185218
17379596,1096083,4.701566015678371
17379596,5438887,4.043121104185218
17379596,919274,3.4837837837837844
17379596,5438900,4.043121104185218
17379596,6013196,4.201531819252619
17379596,5438842,4.043121104185218
17379596,5438902,4.043121104185218
17379596,5438870,4.043121104185218
36632332,1096089,4.043121104185218
13134390,5504008,3.1543550188885967
34701954,18691786,4.043121104185218
19566401,8093959,4.043121104185218
19566401,6583802,3.6063860631417617
39678516,6325823,4.187830752909768
39678516,7914489,4.202077306504915
92697757,5427252,4.043121104185218
17286360,6330648,3.8305432632136913
68843438,5428392,2.928205128205128
934345,939538,3.309654156148592
35233947,6583817,2.212121212121212
73002462,6325835,4.043121104185218
32121790,19316,4.043121104185218
71997398,5438735,3.475060255681729
71997398,5427581,3.1517372019359757
69847287,6645402,2.991061049352939
629883,6954262,4.043121104185218
19299585,6690950,4.670266183842438
19299585,353361,4.043121104185218
931861,5429549,4.043121104185218
5216211,6330008,4.90396036102433
5216211,5438875,2.7722619277573894
61871925,6817179,4.043121104185218
58450485,103779,4.043121104185218
58450485,1067204,4.043121104185218
46732603,6630218,4.225082738618634
5539772,6560807,4.043121104185218
17303238,5438741,3.8782051282051286
17303238,5438837,4.043121104185218
5361561,6325830,2.5710715169081744
48175520,5429545,4.043121104185218
19791423,6559421,4.043121104185218
19705969,6952724,4.043121104185218
71560004,5428316,4.043121104185218
233605,6931515,4.043121104185218
17140763,6588622,4.534345564820866
94149880,5428437,1.8839244587747588
19120385,6001845,4.043121104185218
19120385,5437602,4.043121104185218
57586853,5438853,4.043121104185218
57586853,5438873,4.043121104185218
62223346,5438880,4.8755470582903575
10017787,962472,4.576310332051051
10017787,5438899,4.043121104185218
10017787,8082105,4.043121104185218
10017787,6330647,2.907862099064907
10017787,6330646,4.043121104185218
650614,7053743,4.037664596157539
650614,5438857,4.043121104185218
650614,7053734,4.043121104185218
650614,5438915,4.043121104185218
38413223,5438737,5.0
70758745,6327623,4.043121104185218
70758745,886669,4.043121104185218
35953927,6588625,4.043121104185218
35953927,8281153,4.043121104185218
19244528,859141,4.6882071382364705
17102439,6013238,4.043121104185218
255544,6013236,4.043121104185218
17473592,5438751,4.043121104185218
19493853,5438555,4.147058823529411
700703,6931514,4.043121104185218
5702740,976890,4.0841207048080985
78771507,6330638,4.968896385146901
136176,6645465,4.38105733628208
136176,6325825,3.9903123034532526
136176,6327361,4.043121104185218
136176,6654511,4.043121104185218
17448152,6327338,4.043121104185218
78078938,854314,4.043121104185218
17121729,5503713,4.043121104185218
78720088,8074599,4.043121104185218
78720088,888489,1.0
19061202,6327625,4.873370594672294
686915,5428136,4.043121104185218
413041,1026072,4.302160605764494
413041,6644898,4.536363636363637
413041,6648551,4.043121104185218
72230068,26058,4.043121104185218
17477270,8072944,4.043121104185218
17477270,8072943,4.043121104185218
71972434,6578588,5.0
17101252,19213,1.0948276303456272
66109868,6325841,3.6234169131642715
66109868,6016962,4.043121104185218
513105,6326273,4.043121104185218
5229303,1118531,3.2412672409976713
76985784,7924316,4.043121104185218
19557032,813685,4.043121104185218
59825758,6326641,4.043121104185218
5133633,6327339,4.043121104185218
18011166,19218,4.043121104185218
75608717,5597400,3.5477832462815204
75608717,5597712,3.4050158255344076
19166818,6325844,4.043121104185218
17143234,6327061,3.9215211897254867
19011898,7896640,3.8217281510759773
51792699,17310430,4.722222222222222
34916701,10404,2.9591608152646875
34916701,5824921,3.3987531081437146
645343,5429539,4.043121104185218
645343,6645467,4.043121104185218
645343,6630230,4.043121104185218
645343,1015719,4.043121104185218
63940913,5431349,4.043121104185218
573132,5426901,4.37037037037037
4877772,1019135,4.043121104185218
67089609,8091318,3.2226027397260273
77671772,8477514,4.043121104185218
77671772,7921308,4.043121104185218
80952533,5601483,4.043121104185218
88101251,6650788,4.043121104185218
83201075,6930350,3.9180051003135876
83201075,5438743,2.875
84824483,6704365,4.043121104185218
89151063,5438908,4.043121104185218
17124538,5438543,4.043121104185218
17124538,5438553,3.2917771883289126
17124538,7921652,4.043121104185218
17124538,5438552,4.043121104185218
37515462,6322928,4.185636807632904
39599717,6952174,4.043121104185218
19383584,9039482,4.043121104185218
66849294,10419,4.043121104185218
70292110,966836,2.9545454545454546
139702,791311,3.8301762951942475
57197259,7053765,2.9185897029157233
38068589,6562855,4.512363491210936
41256543,10012,4.16255442670537
77486814,5854064,4.043121104185218
17148049,803786,3.8363555663486397
5097222,5438829,3.6932718031032636
52211175,6816875,4.6545948340817915
19849480,7921639,3.661852514373453
45103104,809243,4.043121104185218
74466223,859146,4.043121104185218
82055985,5429546,4.629622330673658
17438950,1067801,4.043121104185218
82559669,5438838,3.566741369944707
19586105,7690458,4.773014475025953
49813915,5438704,3.748716462297671
19367715,8072720,4.043121104185218
90166913,5503664,4.043121104185218
91629000,926318,4.043121104185218
91629000,5438708,2.6390635229355492
89016095,10433,4.76151634450274
64456399,929405,2.8
10597039,980295,4.043121104185218
42369905,5440800,4.043121104185218
415141,5440788,4.043121104185218
93062581,17340808,4.043121104185218
850254,1076052,4.043121104185218
888885,8081037,3.049525816649104
888885,5853613,4.043121104185218
888885,794111,3.7677919243988978
888885,19915,3.9230769230769225
68179074,1097999,4.043121104185218
33342480,5596931,4.043121104185218
66568851,6818530,4.043121104185218
75698470,6630227,5.0
74170170,6001147,3.674649426320354
93192623,10413,4.579651998316477
17121329,5438535,3.365302027560408
17502695,5428993,2.833333333333333
79116171,8815720,3.9960118870041574
16014520,6327060,3.9998061969441308
74371078,32880,3.633218328335809
872386,855686,5.0
577739,6327463,4.043121104185218
47850503,5438515,4.043121104185218
47850503,6330641,4.043121104185218
47850503,6645405,4.043121104185218
47850503,6645404,4.043121104185218
47850503,5427627,4.043121104185218
47850503,5426377,4.043121104185218
19515026,6327425,4.043121104185218
897914,5438488,4.7727272727272725
897914,5439282,3.4053971585879466
17799089,805685,4.043121104185218
374006,863150,4.043121104185218
5385215,32873,4.043121104185218
5375679,6327464,4.043121104185218
10284509,6325837,3.968933535305217
73484320,19204,4.043121104185218
19870665,940562,4.043121104185218
17293033,6564270,4.043121104185218
17293033,8081639,4.045454545454546
61603466,5435228,1.8611976770287884
141566,852653,4.043121104185218
141566,851352,4.043121104185218
67008486,6325832,4.212125684511174
19580984,6441,4.809846467555359
64726130,32841,3.9214119631153324
64726130,6327470,3.5857142857142854
5408422,8082128,4.2250000000000005
77270551,5601099,2.090789473684211
213025,486614,4.043121104185218
46694341,32833,3.846237447750816
5674976,6013214,4.043121104185218
17269693,5426735,4.043121104185218
19305696,18596,4.043121104185218
19006302,6327357,4.011702618894452
4784949,6645416,3.2900443113634137
4784949,5438739,3.446204651848981
4784949,6777578,4.043121104185218
4784949,5438715,4.043121104185218
4784949,6645421,1.2857142857142856
60751906,5430594,4.595309246092209
39226695,6327360,4.043121104185218
5480896,6327421,3.507470488896761
430273,6630224,4.043121104185218
19758200,6327419,3.47
55928131,5440790,4.043121104185218
83121206,8077144,4.043121104185218
83121206,7926230,4.043121104185218
83121206,5438512,4.043121104185218
79913986,5429406,4.043121104185218
19585411,7053738,4.043121104185218
13000458,6905404,4.043121104185218
78301185,1109908,2.328175651969671
44778710,5429544,4.043121104185218
35310117,17309731,4.043121104185218
51275980,7402022,4.944444444444445
51275980,7053924,4.043121104185218
61213724,6630216,5.0
76413480,924703,4.043121104185218
1027439,5597465,4.043121104185218
83854548,6577370,4.043121104185218
83854548,6327426,4.043121104185218
83854548,6327416,5.0
64518274,5596912,4.043121104185218
64518274,20044,4.043121104185218
38973466,6645414,3.0968809922550986
84250935,19285,4.043121104185218
55719026,11634,3.333333333333334
17540314,376551,4.043121104185218
42167457,5881242,4.34
39460929,778760,4.043121104185218
17524386,19339,4.043121104185218
79675991,6630217,2.494797901559947
80291646,6818580,4.043121104185218
17135506,5438745,4.043121104185218
33702067,9587,5.0
75164728,24833,4.0
71167220,1710474,4.043121104185218
19178755,5438821,4.043121104185218
49228623,5438811,4.197183508217113
83280797,20045,3.1960784313725488
423944,6329912,4.043121104185218
603768,6327353,3.025028504818733
386712,8073031,5.0
386712,19509,4.043121104185218
828519,8072937,4.043121104185218
81590037,5796596,3.3624105171145
60392021,6654505,4.795454545454546
60392021,6646393,4.005456577868147
60392021,6330639,4.043121104185218
88797349,7728788,3.9985198440589866
2347281,5426800,4.227015544228283
357912,1684599,3.9800534718051157
17796052,1687271,4.061873104221253
17796052,5427628,3.9498190531073902
13063124,6329609,4.043121104185218
83887354,1712838,4.043121104185218
36870910,6328005,3.9076923076923076
36870910,6328006,4.043121104185218
33049467,5438732,4.045730151817987
33049467,5438709,4.237147696329604
33353983,5427848,3.7857142857142856
5274621,6327346,3.6843757544377196
642053,6328553,2.4583237657864525
58597259,6690965,4.228371265106174
17128128,6328004,4.043121104185218
17128128,7928930,4.043121104185218
19201869,1067526,4.9015554766330105
10113586,6708190,3.9612386096986048
79831905,6328007,4.043121104185218
79831905,5439819,4.043121104185218
47467411,972919,4.043121104185218
68596185,8543547,4.043121104185218
68596185,6328690,2.284313725490196
93906419,5438538,4.043121104185218
45929682,6707396,4.043121104185218
92793201,6328001,3.1782310084403127
45397307,5439818,4.043121104185218
75876939,7053941,4.043121104185218
75876939,6327345,4.043121104185218
42029064,1003851,4.043121104185218
58601744,8094693,5.0
17259271,24549,4.043121104185218
64497624,6329612,2.8737373737373737
91482305,6327417,4.043121104185218
89061431,7729725,4.043121104185218
369329,7913992,4.343603352932479
19317205,1106602,4.043121104185218
19734736,5438699,4.043121104185218
17639912,5427546,4.043121104185218
39570629,6648550,4.043121104185218
73752285,6648552,4.043121104185218
48653009,6327473,4.043121104185218
44845227,5438836,4.043121104185218
692371,5426817,4.431775980552929
81999689,6588600,4.043121104185218
19112398,5438522,4.043121104185218
325382,21303,4.043121104185218
57158338,8073107,4.043121104185218
34205529,5824299,3.5720681987821683
32429109,6726082,2.5888634795670438
30432177,32842,3.8896745320726835
17694670,5426815,4.043121104185218
70335857,5438914,4.043121104185218
70335857,5438895,4.043121104185218
70335857,5438876,4.043121104185218
17574550,5853294,1.5897435897435899
13073699,5438874,3.468920808192132
34030481,8081872,4.043121104185218
35160744,6556134,4.043121104185218
35160744,5438814,4.043121104185218
5193672,5438747,4.043121104185218
1016289,5438750,3.8910659747061564
88819094,19208,4.043121104185218
57775426,5428022,4.043121104185218
35321005,6816958,4.043121104185218
17749583,1021659,4.043121104185218
17749583,5439265,4.043121104185218
19027751,1005459,4.043121104185218
17402993,5426821,4.043121104185218
5550258,6326638,4.043121104185218
41532296,5427771,4.043121104185218
56015723,5438744,4.043121104185218
5489111,5438722,4.043121104185218
1518075,7926678,4.043121104185218
17375250,7921903,4.043121104185218
17375250,7913964,4.043121104185218
63848627,10453,4.043121104185218
90104087,6630225,4.043121104185218
78803539,17310658,4.043121104185218
87583352,8072729,4.043121104185218
33891524,19311,4.043121104185218
76763989,8087701,4.043121104185218
88392143,7921851,4.043121104185218
61175898,6418433,4.043121104185218
31653308,377565,3.7470779220779225
13080739,6794708,3.8857104671434337
93319511,8079245,4.043121104185218
5064767,24861,4.043121104185218
93898457,797218,3.483331153672638
65657117,8476372,4.043121104185218
54094480,5438730,4.043121104185218
5059234,24552,4.043121104185218
19257910,6567083,3.5403074219377246
616488,6649547,4.043121104185218
84755402,19417,3.7959605953722133
37099684,5426271,4.043121104185218
53800511,362419,4.043121104185218
53800511,6329914,4.666666666666667
19259596,10421,4.043121104185218
32181385,907218,4.853968253968254
17532724,5428555,4.043121104185218
514191,6326642,4.043121104185218
19620681,5438547,4.721264367816092
19620681,7400397,4.043121104185218
19620681,5438851,3.7995495495495493
554289,5438881,4.285897435897436
63897331,6327436,4.043121104185218
63897331,5438612,4.043121104185218
63897331,26057,4.043121104185218
978367,7881061,4.043121104185218
70210209,6648548,4.043121104185218
45301570,6583754,4.198465963566635
50141261,18785566,4.043121104185218
50141261,18741412,4.043121104185218
100226,5438541,3.346153846153846
5156648,5427843,4.043121104185218
19175132,5822537,3.9059561400596086
32327650,6645403,4.043121104185218
176870,5438878,4.043121104185218
401779,784688,4.043121104185218
48990581,7053840,4.043121104185218
439883,5426406,4.043121104185218
5123339,5432200,3.419827569166509
692359,9005338,4.043121104185218
50137929,8073113,4.043121104185218
87422140,6325817,4.947426329889017
38792191,5438848,4.043121104185218
38792191,1703508,4.043121104185218
5064513,5438819,4.043121104185218
17467886,19963,4.043121104185218
61702243,797072,4.043121104185218
90321146,5438835,4.043121104185218
41050573,5426504,5.0
92702647,5438841,4.043121104185218
468624,11663,4.732577883292659
49047782,7691818,4.043121104185218
17590036,5438850,3.8244467149149117
70624817,6654513,2.8786349880883395
89027268,6325839,3.703694500401836
5313749,5614893,4.043121104185218
19188268,5597498,4.043121104185218
411113,5597141,3.7022405922601838
80256405,788840,3.9271978021978025
38266982,5597219,3.764848648098508
87845873,5614892,4.043121104185218
58873452,5597157,1.5207149884928082
73946499,5597029,4.8
1011230,11757,4.05
70270770,19322,4.043121104185218
17107113,19232,4.043121104185218
47538950,9584,5.0
775301,10046,5.0
17451258,20540,4.043121104185218
40204262,11698,4.6356884380154435
66960236,7061038,4.63831373304618
19552325,10017,4.033826299756937
38182933,17312128,4.043121104185218
685187,9586,3.2006478668421288
84851110,24832,4.043121104185218
5544789,10019,3.6794344043829543
286306,7691409,4.043121104185218
59514034,11765,4.9
41843947,7689491,4.043121104185218
63169165,6649553,4.043121104185218
63169165,6649555,4.043121104185218
19932432,5438905,3.928571428571429
19932432,6645464,4.043121104185218
73909605,10081,4.043121104185218
67956352,6329606,4.043121104185218
39786145,9594,4.043121104185218
62610697,7685256,4.043121104185218
19160551,7914972,4.043121104185218
17192267,6628781,4.621001210832891
68219050,5503550,5.0
646837,27024,4.043121104185218
17402031,11770,4.043121104185218
19431442,24834,4.043121104185218
412405,6588427,4.043121104185218
67172054,7694031,4.942898550724637
17674683,24973,4.043121104185218
64802903,24850,4.043121104185218
5039275,11641,4.043121104185218
17187689,6327468,3.2833333333333337
90032191,11661,4.043121104185218
5428694,6329608,4.043121104185218
52964357,5427378,4.043121104185218
32790183,5881240,4.6177777777777775
16055409,7913674,4.043121104185218
79031151,5430427,3.583333333333333
36226184,6325821,4.198043633778642
871380,6017623,4.043121104185218
20025766,892376,4.043121104185218
281845,6327626,4.043121104185218
1065017,5429540,4.043121104185218
66148885,367489,4.043121104185218
17182762,7926671,4.043121104185218
93168593,7926674,4.043121104185218
56148483,5431614,4.043121104185218
46438613,5438706,4.043121104185218
66994605,5438521,4.043121104185218
40416741,5430751,4.043121104185218
92746331,5503651,4.043121104185218
937036,7031667,4.043121104185218
1079542,6325833,4.043121104185218
1079542,5503538,3.520217630319038
10886600,791518,4.184908610268699
17708138,6981688,4.043121104185218
41357932,5503733,4.043121104185218
81390923,20581597,4.043121104185218
742045,791585,4.043121104185218
19156143,5426894,4.043121104185218
19156143,790863,4.043121104185218
93859273,6954206,4.099320882852292
49526604,6325842,2.964741354394508
899737,6688592,4.352664808326275
40659292,466827,4.043121104185218
10381,19909,4.043121104185218
40664840,6565822,4.043121104185218
66790381,5438865,4.043121104185218
90011923,6625883,4.043121104185218
851404,19950,4.043121104185218
851404,7926946,4.043121104185218
5658483,5438560,4.043121104185218
90440156,20575,4.625
93359751,6809659,4.043121104185218
31097465,5438617,4.043121104185218
604058,788212,4.043121104185218
19349945,10403,4.043121104185218
59327142,8082322,4.043121104185218
10318695,7729142,4.043121104185218
17636912,5438817,4.043121104185218
41856814,8081427,4.043121104185218
41856814,5428518,4.043121104185218
178568,24550,4.043121104185218
65235139,32837,4.043121104185218
596021,32840,4.043121104185218
17474199,6650744,4.043121104185218
1059738,6325820,4.043121104185218
39884699,5428456,4.043121104185218
5094378,5432704,4.043121104185218
87897877,939509,4.043121104185218
73229430,5438530,4.043121104185218
73229430,5438558,4.043121104185218
88527338,1090818,4.043121104185218
17305862,6958656,3.894967431459525
5254024,6720250,3.9690539345711757
78511664,6654501,4.043121104185218
10297467,6630220,4.043121104185218
79473379,5438532,4.043121104185218
79473379,7897020,4.043121104185218
38511217,10405,4.043121104185218
5343463,6326810,4.043121104185218
91622187,4120,3.962454330539437
61760777,5438904,4.043121104185218
59297741,7917412,4.043121104185218
45122105,5438649,4.043121104185218
49071850,1096401,4.043121104185218
17123978,6583739,4.043121104185218
5149831,7900619,4.043121104185218
30438667,1019132,4.043121104185218
785631,25918,4.043121104185218
57190227,6767113,3.393684210526316
32523732,866749,4.043121104185218
636178,5426813,4.043121104185218
93610664,6328550,4.043121104185218
72964898,924554,4.043121104185218
5059606,6329610,4.043121104185218
72429742,6818551,4.043121104185218
17527382,8815824,4.043121104185218
77860536,5428375,4.043121104185218
10973205,6329611,4.043121104185218
52982397,1045136,3.230769230769231
52982397,1698502,4.043121104185218
19797434,7913983,4.333333333333333
17745371,5438542,4.043121104185218
72657393,5428820,4.043121104185218
417726,5435230,4.043121104185218
19464128,26288,4.043121104185218
17380321,24554,4.043121104185218
362506,19287,4.043121104185218
82566170,6327628,4.043121104185218
89295202,932489,3.8333333333333335
4062430,818437,4.043121104185218
93518767,8473300,4.043121104185218
17592681,5438723,4.043121104185218
32944592,1015713,4.043121104185218
71850307,1015708,4.043121104185218
1007992,6327341,4.043121104185218
183908,20063,4.043121104185218
395869,20083,4.043121104185218
88256755,17339212,4.043121104185218
10272845,1012137,4.043121104185218
91470718,6657082,4.043121104185218
72117231,6648556,4.043121104185218
449597,20048,4.043121104185218
17490179,6017782,4.043121104185218
488817,20051,4.043121104185218
5524110,8079810,4.043121104185218
56981678,9009227,4.043121104185218
108276,6330642,4.043121104185218
50455037,1025553,4.043121104185218
87964207,919011,4.043121104185218
432260,20050,4.043121104185218
47256901,6328695,4.043121104185218
17576530,7958529,4.043121104185218
17576530,7958534,4.043121104185218
40779418,5438849,4.043121104185218
40779418,7053930,4.043121104185218
36027410,9428978,4.043121104185218
66546753,8078013,4.043121104185218
90513629,6002057,4.043121104185218
19082245,890208,4.043121104185218
41181223,897825,4.043121104185218
44867450,6325829,4.043121104185218
17516268,5438537,4.043121104185218
42092888,6654515,4.043121104185218
42092888,5438892,4.043121104185218
35412138,779403,4.043121104185218
55703522,5438861,4.043121104185218
47435203,6328554,4.043121104185218
57262646,8770035,4.043121104185218
59245954,784704,4.043121104185218
30613283,18688288,4.043121104185218
19402893,6327347,4.043121104185218
242175,19318,4.043121104185218
86069028,6322972,4.043121104185218
85770967,6328561,4.043121104185218
113249,5438525,4.043121104185218
50229394,9329142,4.043121104185218
84624136,5438725,4.043121104185218
5163839,8080178,4.043121104185218
45995871,7914529,4.043121104185218
45995871,362474,4.043121104185218
64058571,1702902,4.043121104185218
64058571,23154986,4.043121104185218
19052777,5438886,4.043121104185218
492136,7925470,4.043121104185218
492136,6648555,4.043121104185218
93014894,1009854,4.043121104185218
62074550,6707381,4.043121104185218
93003846,936021,5.0
69008381,5429300,4.043121104185218
43063232,5428294,4.043121104185218
19056171,1103794,4.043121104185218
81888046,6904869,4.043121104185218
67452384,5429407,4.043121104185218
65741054,4124,4.043121104185218
74806052,6625919,4.043121104185218
89081466,5427394,4.043121104185218
17527064,5438545,4.043121104185218
44446752,5438832,3.7440510890075562
5023846,5438712,2.5652173913043477
90533696,8079805,4.043121104185218
62048523,18774874,4.043121104185218
32557533,18680941,4.043121104185218
54853316,17376853,4.043121104185218
66769820,5430224,4.833333333333333
86865408,17878339,4.043121104185218
71515160,5426737,4.043121104185218
5458014,6724011,4.043121104185218
52042597,7920866,4.043121104185218
44502913,17310196,4.043121104185218
80033350,7046143,4.043121104185218
62371297,9259194,4.043121104185218
35072424,5438540,4.043121104185218
19009824,5438889,4.043121104185218
31708354,6726168,4.043121104185218
10125291,5428711,4.043121104185218
64730101,7651029,5.0
83398390,16753696,4.043121104185218
57913404,6645417,4.043121104185218
17665161,19286,4.043121104185218
32902945,18717298,4.043121104185218
794658,19284,4.043121104185218
62448138,6645420,4.043121104185218
972387,1050750,4.043121104185218
54821589,6644895,4.043121104185218
252672,20043,4.043121104185218
34345014,7932299,4.043121104185218
106720,5431242,4.043121104185218
3301771,7958517,4.043121104185218
832721,850549,4.043121104185218
91474824,5438705,4.043121104185218
34169948,18631840,4.043121104185218
72265291,5435221,4.043121104185218
36930819,5821727,4.043121104185218
40581618,7921150,4.043121104185218
17726788,19507,4.043121104185218
48096433,8077797,4.043121104185218
713370,803015,4.043121104185218
10233549,6327624,4.043121104185218
50692484,7049217,4.043121104185218
54830956,5427890,4.043121104185218
47399817,7382243,4.043121104185218
33532368,5438619,4.043121104185218
